{
    "rms_error": 5.476828815295122,
    "intrinsic_matrix": [
        [
            3924.6784053883885,
            0.0,
            2097.488762286948
        ],
        [
            0.0,
            3926.851682338413,
            2822.9149361303657
        ],
        [
            0.0,
            0.0,
            1.0
        ]
    ],
    "distortion_coefficients": [
        [
            0.16973410117532897,
            -0.6574719764599307,
            0.0005046683422430442,
            -4.654612716232086e-06,
            0.6408958497112287
        ]
    ],
    "extrinsics": [
        {
            "image": "IMG_5961.jpg",
            "rotation_vector": [
                [
                    -0.009636006999084047
                ],
                [
                    -0.0029106350987196843
                ],
                [
                    -0.001738865185058982
                ]
            ],
            "translation_vector": [
                [
                    -0.087389096561042
                ],
                [
                    -0.12180849511097655
                ],
                [
                    0.3725673082715274
                ]
            ],
            "rotation_matrix": [
                [
                    0.9999942523255753,
                    0.0017528582721582284,
                    -0.002902206693423927
                ],
                [
                    -0.0017248116158609923,
                    0.9999520622753438,
                    0.009638369995835266
                ],
                [
                    0.0029189622648159,
                    -0.009633308837806092,
                    0.9999493382267584
                ]
            ]
        },
        {
            "image": "IMG_5962.jpg",
            "rotation_vector": [
                [
                    -0.0615410771231018
                ],
                [
                    0.2535171061238644
                ],
                [
                    0.014050970504342028
                ]
            ],
            "translation_vector": [
                [
                    -0.09127676939333312
                ],
                [
                    -0.12773783773610306
                ],
                [
                    0.3832178858376488
                ]
            ],
            "rotation_matrix": [
                [
                    0.9679487539984398,
                    -0.021648259753754836,
                    0.2502130341978649
                ],
                [
                    0.006135084428087575,
                    0.9980189398013752,
                    0.06261434769123746
                ],
                [
                    -0.2510728387777702,
                    -0.05907240174034652,
                    0.9661640031488955
                ]
            ]
        },
        {
            "image": "IMG_5963.jpg",
            "rotation_vector": [
                [
                    -0.0790627086405505
                ],
                [
                    -0.3138883121301597
                ],
                [
                    0.03413358583696886
                ]
            ],
            "translation_vector": [
                [
                    -0.08386326445449213
                ],
                [
                    -0.10274488787164637
                ],
                [
                    0.3510258853858749
                ]
            ],
            "rotation_matrix": [
                [
                    0.9505930222313305,
                    -0.021234805754852877,
                    -0.309712752578351
                ],
                [
                    0.04583334275880733,
                    0.9963246139272011,
                    0.07236413734970899
                ],
                [
                    0.30703780024071775,
                    -0.08298401477012023,
                    0.9480724880071004
                ]
            ]
        },
        {
            "image": "IMG_5964.jpg",
            "rotation_vector": [
                [
                    -0.002088409307236296
                ],
                [
                    -0.010467523211297021
                ],
                [
                    -0.00866080803015991
                ]
            ],
            "translation_vector": [
                [
                    0.04976504943043622
                ],
                [
                    -0.24847931485496777
                ],
                [
                    0.4407934460825406
                ]
            ],
            "rotation_matrix": [
                [
                    0.9999077121341297,
                    0.008671465368113165,
                    -0.010458150078288011
                ],
                [
                    -0.008649605239406121,
                    0.9999603151002601,
                    0.0021336714346641096
                ],
                [
                    0.010476237105603314,
                    -0.0020430156529692624,
                    0.9999430356491058
                ]
            ]
        },
        {
            "image": "IMG_5965.jpg",
            "rotation_vector": [
                [
                    -0.02027417495375609
                ],
                [
                    -0.017278975835658645
                ],
                [
                    -0.0197921398504251
                ]
            ],
            "translation_vector": [
                [
                    -0.17854323562230243
                ],
                [
                    -0.2344371569833299
                ],
                [
                    0.4188180094709505
                ]
            ],
            "rotation_matrix": [
                [
                    0.9996548857726856,
                    0.01996364950561038,
                    -0.017075188116566307
                ],
                [
                    -0.019613364676648842,
                    0.9995986513519798,
                    0.020441431979287647
                ],
                [
                    0.017476420596328302,
                    -0.020099475458832318,
                    0.9996452299738243
                ]
            ]
        },
        {
            "image": "IMG_5966.jpg",
            "rotation_vector": [
                [
                    -0.0644331066046143
                ],
                [
                    -0.017366205158462062
                ],
                [
                    -0.005765402934343765
                ]
            ],
            "translation_vector": [
                [
                    -0.16868009810749743
                ],
                [
                    0.03361007864408735
                ],
                [
                    0.4028146343375406
                ]
            ],
            "rotation_matrix": [
                [
                    0.9998326501049843,
                    0.006320363001565131,
                    -0.017167550657339558
                ],
                [
                    -0.005201822736696031,
                    0.9979083496336912,
                    0.06443498096204019
                ],
                [
                    0.017538894613397544,
                    -0.06433489521939813,
                    0.9977742271841106
                ]
            ]
        },
        {
            "image": "IMG_5967.jpg",
            "rotation_vector": [
                [
                    -0.03853692107449524
                ],
                [
                    -0.016258435304394612
                ],
                [
                    0.0005727848588221513
                ]
            ],
            "translation_vector": [
                [
                    0.0163886884711288
                ],
                [
                    0.025957652803620637
                ],
                [
                    0.3820798721827683
                ]
            ],
            "rotation_matrix": [
                [
                    0.9998676868941722,
                    -0.0002593884921101501,
                    -0.01626472940162081
                ],
                [
                    0.0008858471762569174,
                    0.9992573971066225,
                    0.03852102805583007
                ],
                [
                    0.016242659255125233,
                    -0.03853033928358133,
                    0.9991254120354531
                ]
            ]
        },
        {
            "image": "IMG_5968.jpg",
            "rotation_vector": [
                [
                    0.0021166060808847243
                ],
                [
                    0.0060038616028299996
                ],
                [
                    -0.0172323526877848
                ]
            ],
            "translation_vector": [
                [
                    -0.07663317657964044
                ],
                [
                    -0.0923018279192887
                ],
                [
                    0.26080224737913754
                ]
            ],
            "rotation_matrix": [
                [
                    0.9998335045158409,
                    0.017237737167021587,
                    0.005985287372609129
                ],
                [
                    -0.017225029714426576,
                    0.9998492872383923,
                    -0.0021682159062316377
                ],
                [
                    -0.00602176044933317,
                    0.0020647581552319773,
                    0.9999797373821387
                ]
            ]
        },
        {
            "image": "IMG_5969.jpg",
            "rotation_vector": [
                [
                    -0.22137120296954307
                ],
                [
                    -0.004955288663303714
                ],
                [
                    -0.008798030211201248
                ]
            ],
            "translation_vector": [
                [
                    -0.08124873969179756
                ],
                [
                    -0.12249783316871654
                ],
                [
                    0.2800612904361311
                ]
            ],
            "rotation_matrix": [
                [
                    0.9999492281722133,
                    0.009272437337962142,
                    -0.00394499475390722
                ],
                [
                    -0.008179960826566017,
                    0.9755589578429497,
                    0.21958553689451807
                ],
                [
                    0.005884668101994823,
                    -0.21954211823290645,
                    0.9755852751057377
                ]
            ]
        },
        {
            "image": "IMG_6851.HEIC.png",
            "rotation_vector": [
                [
                    0.09585802223621225
                ],
                [
                    0.011165339837474891
                ],
                [
                    -1.581862345663166
                ]
            ],
            "translation_vector": [
                [
                    -0.3661387268031963
                ],
                [
                    -0.3744178407104633
                ],
                [
                    1.1385884389360295
                ]
            ],
            "rotation_matrix": [
                [
                    -0.010296873839134154,
                    0.9984783876174365,
                    -0.054174568295699624
                ],
                [
                    -0.997614175398397,
                    -0.013956312520965337,
                    -0.06761049019933058
                ],
                [
                    -0.06826369044607525,
                    0.05334914059009399,
                    0.9962398997053779
                ]
            ]
        },
        {
            "image": "IMG_6852.HEIC.png",
            "rotation_vector": [
                [
                    0.7461101444664234
                ],
                [
                    -0.2080176041893867
                ],
                [
                    -1.5645105127755654
                ]
            ],
            "translation_vector": [
                [
                    -0.2809210449515413
                ],
                [
                    -0.301864519125661
                ],
                [
                    0.8576819169378129
                ]
            ],
            "rotation_matrix": [
                [
                    0.04039039166746558,
                    0.8227113263789761,
                    -0.5670226536115593
                ],
                [
                    -0.9422917495106723,
                    -0.15739333376865752,
                    -0.29548874308390227
                ],
                [
                    -0.33234752152688785,
                    0.5462356743503061,
                    0.7688769166791272
                ]
            ]
        },
        {
            "image": "IMG_6853.HEIC.png",
            "rotation_vector": [
                [
                    0.10196012379487383
                ],
                [
                    0.08051062535783267
                ],
                [
                    1.6011774015284868
                ]
            ],
            "translation_vector": [
                [
                    -0.0672141886784116
                ],
                [
                    -0.434778829830755
                ],
                [
                    0.7714152143294745
                ]
            ],
            "rotation_matrix": [
                [
                    -0.03146337653627585,
                    -0.9927972093200919,
                    0.11560171756152268
                ],
                [
                    0.9993857892645914,
                    -0.03303405998248234,
                    -0.01169594361577167
                ],
                [
                    0.015430494254108557,
                    0.11516271986763466,
                    0.9932267856837944
                ]
            ]
        },
        {
            "image": "IMG_6854.HEIC.png",
            "rotation_vector": [
                [
                    -0.4056077055842691
                ],
                [
                    -0.01181930654959763
                ],
                [
                    1.2568100905541564
                ]
            ],
            "translation_vector": [
                [
                    -0.1811160728946574
                ],
                [
                    -0.5286880814850791
                ],
                [
                    1.009403215095231
                ]
            ],
            "rotation_matrix": [
                [
                    0.3184806873847751,
                    -0.9199530322034194,
                    -0.22859674167112662
                ],
                [
                    0.9240894903266191,
                    0.24756473993408898,
                    0.29115341902381364
                ],
                [
                    -0.21125497776575744,
                    -0.3039705875263288,
                    0.9289635171997274
                ]
            ]
        },
        {
            "image": "IMG_6855.HEIC.png",
            "rotation_vector": [
                [
                    1.039312560115935
                ],
                [
                    0.21941125546616597
                ],
                [
                    -1.4717001831486793
                ]
            ],
            "translation_vector": [
                [
                    -0.25970681218849806
                ],
                [
                    -0.27098573665132225
                ],
                [
                    0.7731508479253518
                ]
            ],
            "rotation_matrix": [
                [
                    0.165398535744705,
                    0.8727585774766466,
                    -0.4592774649538638
                ],
                [
                    -0.7008378586706883,
                    -0.2236333256658198,
                    -0.677358421742529
                ],
                [
                    -0.6938801194928357,
                    0.4339131262045266,
                    0.5746736279663638
                ]
            ]
        },
        {
            "image": "IMG_6856.HEIC.png",
            "rotation_vector": [
                [
                    -0.07196435192066539
                ],
                [
                    0.06936695827938943
                ],
                [
                    0.25861760653039895
                ]
            ],
            "translation_vector": [
                [
                    -0.38730024826551096
                ],
                [
                    -0.4810444359020186
                ],
                [
                    0.9349394830412241
                ]
            ],
            "rotation_matrix": [
                [
                    0.9643816353835701,
                    -0.25779686222919496,
                    0.05923545525858866
                ],
                [
                    0.25283681133035163,
                    0.9641992616766595,
                    0.07995830550033395
                ],
                [
                    -0.07772778249256147,
                    -0.06213341779562787,
                    0.9950365974283675
                ]
            ]
        },
        {
            "image": "IMG_6857.HEIC.png",
            "rotation_vector": [
                [
                    -0.11576035071715252
                ],
                [
                    0.12983515924070696
                ],
                [
                    0.3059764913834923
                ]
            ],
            "translation_vector": [
                [
                    -0.34919552745919974
                ],
                [
                    -0.4613009814820338
                ],
                [
                    0.9045488500547059
                ]
            ],
            "rotation_matrix": [
                [
                    0.9453285106821582,
                    -0.3071357729970794,
                    0.10964316593814291
                ],
                [
                    0.2922605264632835,
                    0.9470390968098347,
                    0.13304410466088623
                ],
                [
                    -0.14469896876915536,
                    -0.09372601591393394,
                    0.9850267216568513
                ]
            ]
        },
        {
            "image": "IMG_6858.HEIC.png",
            "rotation_vector": [
                [
                    -0.493461113897166
                ],
                [
                    0.08060990598018049
                ],
                [
                    0.15590539024695552
                ]
            ],
            "translation_vector": [
                [
                    -0.3583207902783272
                ],
                [
                    -0.49693568123997706
                ],
                [
                    1.0358049316765818
                ]
            ],
            "rotation_matrix": [
                [
                    0.9849466524584746,
                    -0.16831324478102738,
                    0.03937947996262627
                ],
                [
                    0.1294364002773044,
                    0.8691279098810939,
                    0.4773498659777487
                ],
                [
                    -0.11457010995062519,
                    -0.4650670144151305,
                    0.8778304859190631
                ]
            ]
        }
    ]
}